0.004762	0.052381	0.004762	0.052381	0.004762	0.004762	0.147619	0.052381	0.004762	0.004762	0.004762	0.004762	0.004762	0.004762	0.004762	0.004762	0.004762	0.004762	0.433333	0.004762	0.004762	0.004762	0.004762	0.004762	0.004762	0.004762	0.004762	0.004762	0.004762	0.004762	0.004762	0.004762	0.004762	0.004762	0.004762	0.004762	0.004762	0.004762	0.004762	0.004762	0.004762	0.004762	0.004762	0.004762	0.004762	0.004762	0.004762	0.052381	0.004762	0.004762	
0.002857	0.002857	0.002857	0.002857	0.002857	0.002857	0.002857	0.002857	0.002857	0.002857	0.031429	0.002857	0.002857	0.002857	0.002857	0.002857	0.002857	0.002857	0.002857	0.002857	0.002857	0.002857	0.002857	0.002857	0.002857	0.002857	0.002857	0.002857	0.002857	0.031429	0.002857	0.002857	0.002857	0.002857	0.002857	0.002857	0.574286	0.002857	0.002857	0.231429	0.002857	0.002857	0.002857	0.002857	0.002857	0.002857	0.002857	0.002857	0.002857	0.002857	
0.003030	0.003030	0.003030	0.003030	0.003030	0.003030	0.003030	0.003030	0.003030	0.003030	0.003030	0.003030	0.003030	0.003030	0.003030	0.003030	0.033333	0.003030	0.003030	0.033333	0.003030	0.003030	0.003030	0.003030	0.003030	0.003030	0.003030	0.003030	0.003030	0.003030	0.003030	0.003030	0.003030	0.003030	0.003030	0.003030	0.003030	0.003030	0.033333	0.003030	0.003030	0.003030	0.003030	0.003030	0.003030	0.003030	0.003030	0.003030	0.033333	0.730303	
0.000201	0.000201	0.000201	0.000201	0.000201	0.000201	0.000201	0.000201	0.000201	0.000201	0.435944	0.000201	0.000201	0.000201	0.000201	0.000201	0.000201	0.000201	0.000201	0.000201	0.000201	0.000201	0.000201	0.000201	0.000201	0.000201	0.000201	0.000201	0.000201	0.000201	0.000201	0.000201	0.000201	0.000201	0.000201	0.140763	0.002209	0.000201	0.000201	0.000201	0.000201	0.000201	0.000201	0.000201	0.000201	0.000201	0.000201	0.000201	0.000201	0.411847	
0.001449	0.001449	0.001449	0.001449	0.001449	0.001449	0.001449	0.001449	0.001449	0.001449	0.001449	0.001449	0.001449	0.015942	0.001449	0.001449	0.001449	0.001449	0.001449	0.001449	0.001449	0.001449	0.001449	0.001449	0.001449	0.001449	0.001449	0.001449	0.001449	0.001449	0.001449	0.001449	0.001449	0.001449	0.001449	0.001449	0.001449	0.001449	0.001449	0.015942	0.001449	0.001449	0.001449	0.001449	0.001449	0.030435	0.001449	0.001449	0.001449	0.871014	
0.001471	0.001471	0.001471	0.001471	0.001471	0.001471	0.001471	0.001471	0.001471	0.001471	0.001471	0.001471	0.016176	0.001471	0.001471	0.001471	0.001471	0.001471	0.001471	0.001471	0.001471	0.001471	0.001471	0.001471	0.001471	0.001471	0.001471	0.001471	0.001471	0.001471	0.001471	0.001471	0.001471	0.001471	0.001471	0.001471	0.001471	0.001471	0.001471	0.001471	0.001471	0.001471	0.001471	0.001471	0.001471	0.001471	0.001471	0.001471	0.001471	0.913235	
0.002703	0.191892	0.002703	0.002703	0.083784	0.002703	0.002703	0.056757	0.002703	0.002703	0.002703	0.002703	0.002703	0.002703	0.002703	0.083784	0.083784	0.002703	0.056757	0.029730	0.002703	0.002703	0.002703	0.002703	0.002703	0.002703	0.029730	0.029730	0.083784	0.002703	0.002703	0.002703	0.002703	0.002703	0.002703	0.002703	0.002703	0.002703	0.002703	0.002703	0.002703	0.002703	0.002703	0.029730	0.137838	0.002703	0.002703	0.002703	0.002703	0.002703	
0.002632	0.002632	0.002632	0.002632	0.002632	0.002632	0.002632	0.002632	0.002632	0.002632	0.002632	0.002632	0.002632	0.081579	0.002632	0.002632	0.002632	0.002632	0.002632	0.002632	0.002632	0.002632	0.002632	0.028947	0.002632	0.028947	0.002632	0.002632	0.002632	0.002632	0.028947	0.002632	0.002632	0.028947	0.002632	0.028947	0.134211	0.002632	0.528947	0.002632	0.002632	0.002632	0.002632	0.002632	0.002632	0.002632	0.002632	0.002632	0.002632	0.002632	
0.001695	0.001695	0.018644	0.001695	0.001695	0.001695	0.001695	0.001695	0.001695	0.001695	0.001695	0.001695	0.001695	0.001695	0.001695	0.001695	0.001695	0.001695	0.001695	0.001695	0.001695	0.001695	0.001695	0.018644	0.001695	0.001695	0.120339	0.001695	0.001695	0.001695	0.001695	0.001695	0.018644	0.594915	0.001695	0.001695	0.001695	0.001695	0.001695	0.001695	0.001695	0.001695	0.001695	0.001695	0.001695	0.001695	0.137288	0.001695	0.001695	0.018644	
0.001389	0.001389	0.001389	0.001389	0.001389	0.001389	0.001389	0.001389	0.029167	0.765278	0.001389	0.001389	0.001389	0.126389	0.001389	0.001389	0.001389	0.001389	0.001389	0.001389	0.001389	0.001389	0.001389	0.001389	0.001389	0.001389	0.001389	0.001389	0.001389	0.001389	0.001389	0.001389	0.001389	0.015278	0.001389	0.001389	0.001389	0.001389	0.001389	0.001389	0.001389	0.001389	0.001389	0.001389	0.001389	0.001389	0.001389	0.001389	0.001389	0.001389	
0.001667	0.035000	0.001667	0.001667	0.001667	0.001667	0.001667	0.068333	0.001667	0.001667	0.001667	0.001667	0.001667	0.001667	0.001667	0.001667	0.001667	0.001667	0.001667	0.001667	0.001667	0.001667	0.085000	0.001667	0.001667	0.001667	0.001667	0.001667	0.018333	0.068333	0.001667	0.001667	0.001667	0.001667	0.551667	0.001667	0.051667	0.001667	0.001667	0.001667	0.001667	0.018333	0.001667	0.001667	0.001667	0.001667	0.035000	0.001667	0.001667	0.001667	
0.028947	0.397368	0.002632	0.002632	0.002632	0.002632	0.002632	0.002632	0.002632	0.002632	0.002632	0.002632	0.002632	0.002632	0.002632	0.055263	0.002632	0.002632	0.002632	0.002632	0.002632	0.002632	0.028947	0.002632	0.028947	0.028947	0.002632	0.002632	0.028947	0.002632	0.002632	0.002632	0.002632	0.002632	0.002632	0.002632	0.002632	0.002632	0.002632	0.186842	0.002632	0.002632	0.002632	0.002632	0.028947	0.028947	0.002632	0.002632	0.028947	0.028947	
0.000943	0.000943	0.010377	0.000943	0.000943	0.000943	0.000943	0.000943	0.312264	0.000943	0.000943	0.000943	0.010377	0.510377	0.000943	0.000943	0.057547	0.000943	0.000943	0.000943	0.000943	0.000943	0.000943	0.000943	0.010377	0.010377	0.000943	0.000943	0.000943	0.000943	0.000943	0.000943	0.000943	0.000943	0.000943	0.000943	0.000943	0.000943	0.000943	0.000943	0.019811	0.000943	0.000943	0.010377	0.000943	0.010377	0.000943	0.000943	0.000943	0.000943	
0.001190	0.001190	0.001190	0.203571	0.001190	0.001190	0.001190	0.013095	0.001190	0.001190	0.001190	0.001190	0.001190	0.001190	0.001190	0.001190	0.001190	0.001190	0.036905	0.001190	0.001190	0.001190	0.001190	0.001190	0.108333	0.001190	0.001190	0.001190	0.001190	0.001190	0.001190	0.441667	0.001190	0.001190	0.001190	0.001190	0.001190	0.001190	0.001190	0.001190	0.001190	0.001190	0.001190	0.001190	0.001190	0.001190	0.001190	0.048810	0.084524	0.013095	
0.000429	0.000429	0.000429	0.000429	0.000429	0.000429	0.000429	0.000429	0.000429	0.000429	0.004721	0.000429	0.000429	0.000429	0.000429	0.000429	0.000429	0.000429	0.000429	0.000429	0.000429	0.000429	0.000429	0.000429	0.000429	0.279399	0.000429	0.000429	0.000429	0.000429	0.000429	0.000429	0.000429	0.000429	0.000429	0.000429	0.026180	0.000429	0.034764	0.000429	0.000429	0.000429	0.000429	0.000429	0.000429	0.000429	0.000429	0.000429	0.000429	0.635622	
0.003226	0.035484	0.003226	0.003226	0.035484	0.003226	0.003226	0.003226	0.003226	0.003226	0.003226	0.003226	0.003226	0.003226	0.003226	0.003226	0.003226	0.003226	0.003226	0.003226	0.003226	0.003226	0.003226	0.003226	0.003226	0.003226	0.003226	0.003226	0.003226	0.003226	0.003226	0.003226	0.003226	0.003226	0.003226	0.003226	0.003226	0.003226	0.003226	0.003226	0.003226	0.035484	0.003226	0.003226	0.003226	0.003226	0.003226	0.003226	0.003226	0.745161	
0.004167	0.004167	0.004167	0.004167	0.004167	0.004167	0.004167	0.170833	0.004167	0.045833	0.004167	0.295833	0.004167	0.004167	0.004167	0.004167	0.004167	0.004167	0.004167	0.004167	0.004167	0.004167	0.004167	0.004167	0.004167	0.004167	0.004167	0.004167	0.004167	0.004167	0.004167	0.004167	0.004167	0.004167	0.004167	0.004167	0.004167	0.004167	0.004167	0.129167	0.004167	0.004167	0.004167	0.004167	0.045833	0.004167	0.004167	0.004167	0.129167	0.004167	
0.001667	0.001667	0.018333	0.001667	0.001667	0.001667	0.018333	0.001667	0.668333	0.001667	0.035000	0.001667	0.001667	0.018333	0.001667	0.001667	0.001667	0.001667	0.001667	0.001667	0.001667	0.001667	0.001667	0.001667	0.001667	0.001667	0.001667	0.001667	0.001667	0.001667	0.001667	0.001667	0.001667	0.001667	0.001667	0.001667	0.001667	0.001667	0.001667	0.001667	0.001667	0.001667	0.001667	0.001667	0.001667	0.001667	0.001667	0.035000	0.001667	0.135000	
0.042857	0.022449	0.022449	0.002041	0.002041	0.002041	0.002041	0.022449	0.002041	0.002041	0.002041	0.002041	0.002041	0.002041	0.002041	0.002041	0.022449	0.022449	0.002041	0.002041	0.002041	0.002041	0.002041	0.002041	0.002041	0.002041	0.022449	0.022449	0.002041	0.002041	0.002041	0.002041	0.002041	0.002041	0.002041	0.002041	0.002041	0.002041	0.042857	0.083673	0.002041	0.002041	0.002041	0.002041	0.002041	0.002041	0.002041	0.002041	0.002041	0.593878	
0.002941	0.002941	0.032353	0.002941	0.002941	0.002941	0.002941	0.002941	0.002941	0.002941	0.002941	0.032353	0.032353	0.002941	0.002941	0.002941	0.002941	0.002941	0.002941	0.002941	0.002941	0.002941	0.032353	0.002941	0.002941	0.002941	0.002941	0.002941	0.002941	0.002941	0.002941	0.002941	0.032353	0.002941	0.002941	0.002941	0.002941	0.002941	0.502941	0.002941	0.002941	0.002941	0.002941	0.002941	0.061765	0.002941	0.002941	0.002941	0.150000	0.002941	
0.000709	0.468794	0.000709	0.000709	0.000709	0.000709	0.000709	0.007801	0.000709	0.000709	0.000709	0.206383	0.000709	0.000709	0.000709	0.007801	0.043262	0.000709	0.000709	0.000709	0.000709	0.000709	0.078723	0.000709	0.000709	0.000709	0.000709	0.000709	0.000709	0.000709	0.000709	0.000709	0.071631	0.000709	0.000709	0.000709	0.014894	0.000709	0.050355	0.000709	0.000709	0.000709	0.000709	0.021986	0.000709	0.000709	0.000709	0.000709	0.000709	0.000709	
0.531373	0.041176	0.001961	0.001961	0.001961	0.001961	0.001961	0.021569	0.021569	0.001961	0.001961	0.001961	0.001961	0.001961	0.080392	0.001961	0.001961	0.080392	0.001961	0.001961	0.001961	0.001961	0.001961	0.001961	0.001961	0.001961	0.001961	0.021569	0.001961	0.001961	0.001961	0.001961	0.001961	0.001961	0.001961	0.001961	0.001961	0.001961	0.001961	0.001961	0.001961	0.001961	0.021569	0.001961	0.021569	0.001961	0.001961	0.001961	0.080392	0.001961	
0.000446	0.004911	0.000446	0.000446	0.000446	0.000446	0.000446	0.000446	0.000446	0.000446	0.000446	0.000446	0.000446	0.000446	0.254911	0.004911	0.000446	0.000446	0.000446	0.000446	0.000446	0.000446	0.000446	0.000446	0.004911	0.000446	0.000446	0.000446	0.000446	0.000446	0.000446	0.000446	0.000446	0.000446	0.000446	0.000446	0.000446	0.000446	0.000446	0.000446	0.000446	0.000446	0.000446	0.000446	0.018304	0.000446	0.000446	0.692411	0.000446	0.000446	
0.002857	0.002857	0.002857	0.002857	0.002857	0.002857	0.002857	0.002857	0.002857	0.002857	0.002857	0.660000	0.031429	0.002857	0.031429	0.002857	0.002857	0.002857	0.031429	0.002857	0.002857	0.002857	0.002857	0.002857	0.002857	0.088571	0.002857	0.002857	0.002857	0.002857	0.002857	0.031429	0.002857	0.002857	0.002857	0.002857	0.002857	0.002857	0.002857	0.002857	0.002857	0.002857	0.002857	0.002857	0.002857	0.002857	0.002857	0.002857	0.002857	0.002857	
0.000746	0.000746	0.015672	0.000746	0.000746	0.000746	0.000746	0.000746	0.000746	0.000746	0.000746	0.000746	0.000746	0.306716	0.008209	0.000746	0.000746	0.396269	0.015672	0.000746	0.000746	0.000746	0.000746	0.000746	0.000746	0.000746	0.000746	0.000746	0.000746	0.000746	0.000746	0.000746	0.000746	0.000746	0.000746	0.000746	0.000746	0.000746	0.000746	0.008209	0.000746	0.000746	0.000746	0.008209	0.209701	0.000746	0.000746	0.000746	0.000746	0.000746	
0.002857	0.002857	0.002857	0.002857	0.002857	0.002857	0.002857	0.002857	0.002857	0.002857	0.002857	0.117143	0.002857	0.002857	0.002857	0.002857	0.002857	0.002857	0.631429	0.031429	0.002857	0.002857	0.088571	0.002857	0.002857	0.002857	0.002857	0.002857	0.002857	0.002857	0.002857	0.002857	0.002857	0.002857	0.002857	0.002857	0.002857	0.002857	0.002857	0.002857	0.002857	0.002857	0.002857	0.002857	0.002857	0.002857	0.002857	0.002857	0.002857	0.002857	
0.002703	0.002703	0.002703	0.002703	0.002703	0.002703	0.002703	0.002703	0.137838	0.002703	0.002703	0.164865	0.002703	0.002703	0.002703	0.002703	0.462162	0.002703	0.002703	0.002703	0.002703	0.002703	0.002703	0.002703	0.002703	0.002703	0.002703	0.002703	0.002703	0.002703	0.002703	0.002703	0.002703	0.002703	0.002703	0.002703	0.002703	0.002703	0.002703	0.002703	0.002703	0.002703	0.002703	0.002703	0.002703	0.002703	0.002703	0.002703	0.110811	0.002703	
0.002174	0.002174	0.002174	0.002174	0.002174	0.002174	0.002174	0.002174	0.002174	0.002174	0.002174	0.002174	0.002174	0.002174	0.002174	0.002174	0.002174	0.002174	0.002174	0.002174	0.002174	0.002174	0.002174	0.002174	0.002174	0.132609	0.002174	0.002174	0.002174	0.002174	0.002174	0.002174	0.002174	0.002174	0.002174	0.002174	0.002174	0.002174	0.023913	0.002174	0.002174	0.002174	0.002174	0.002174	0.023913	0.002174	0.002174	0.002174	0.002174	0.719565	
0.002778	0.169444	0.363889	0.002778	0.002778	0.002778	0.002778	0.002778	0.030556	0.002778	0.002778	0.030556	0.002778	0.002778	0.002778	0.002778	0.002778	0.002778	0.002778	0.002778	0.002778	0.002778	0.002778	0.002778	0.002778	0.002778	0.002778	0.002778	0.002778	0.002778	0.002778	0.002778	0.030556	0.002778	0.002778	0.002778	0.002778	0.030556	0.002778	0.002778	0.002778	0.002778	0.002778	0.002778	0.002778	0.002778	0.002778	0.002778	0.002778	0.225000	
0.000870	0.000870	0.000870	0.000870	0.000870	0.000870	0.531304	0.000870	0.000870	0.000870	0.000870	0.000870	0.000870	0.000870	0.061739	0.070435	0.000870	0.000870	0.000870	0.000870	0.000870	0.000870	0.000870	0.000870	0.000870	0.000870	0.000870	0.000870	0.000870	0.000870	0.000870	0.000870	0.000870	0.000870	0.000870	0.000870	0.000870	0.000870	0.000870	0.000870	0.000870	0.000870	0.000870	0.000870	0.018261	0.166087	0.000870	0.113913	0.000870	0.000870	
0.000592	0.000592	0.000592	0.024260	0.006509	0.000592	0.000592	0.000592	0.000592	0.000592	0.000592	0.000592	0.006509	0.000592	0.000592	0.006509	0.000592	0.000592	0.000592	0.006509	0.000592	0.000592	0.000592	0.497633	0.000592	0.000592	0.000592	0.000592	0.036095	0.000592	0.000592	0.000592	0.000592	0.000592	0.000592	0.006509	0.000592	0.000592	0.000592	0.000592	0.000592	0.000592	0.361538	0.024260	0.000592	0.000592	0.000592	0.000592	0.000592	0.000592	
0.000403	0.000403	0.000403	0.000403	0.214113	0.234274	0.000403	0.000403	0.000403	0.000403	0.000403	0.000403	0.000403	0.000403	0.012500	0.000403	0.000403	0.000403	0.000403	0.036694	0.020565	0.000403	0.000403	0.000403	0.000403	0.000403	0.206048	0.000403	0.000403	0.000403	0.000403	0.000403	0.016532	0.000403	0.000403	0.000403	0.000403	0.185887	0.000403	0.008468	0.000403	0.000403	0.000403	0.000403	0.000403	0.000403	0.000403	0.000403	0.000403	0.048790	
0.003846	0.003846	0.003846	0.003846	0.003846	0.003846	0.003846	0.003846	0.003846	0.003846	0.003846	0.273077	0.003846	0.003846	0.003846	0.003846	0.003846	0.003846	0.003846	0.003846	0.003846	0.003846	0.003846	0.042308	0.003846	0.003846	0.003846	0.003846	0.003846	0.003846	0.003846	0.003846	0.003846	0.003846	0.003846	0.003846	0.003846	0.003846	0.003846	0.119231	0.003846	0.003846	0.003846	0.042308	0.003846	0.311538	0.003846	0.042308	0.003846	0.003846	
0.001639	0.001639	0.526230	0.001639	0.001639	0.001639	0.001639	0.001639	0.001639	0.001639	0.001639	0.001639	0.001639	0.001639	0.001639	0.001639	0.001639	0.001639	0.001639	0.001639	0.001639	0.001639	0.001639	0.001639	0.001639	0.001639	0.001639	0.001639	0.001639	0.001639	0.001639	0.001639	0.018033	0.001639	0.001639	0.001639	0.378689	0.001639	0.001639	0.001639	0.001639	0.001639	0.001639	0.001639	0.001639	0.001639	0.001639	0.001639	0.001639	0.001639	
0.136667	0.036667	0.103333	0.003333	0.003333	0.003333	0.003333	0.003333	0.003333	0.003333	0.003333	0.003333	0.003333	0.003333	0.003333	0.003333	0.003333	0.003333	0.170000	0.003333	0.003333	0.003333	0.003333	0.003333	0.003333	0.036667	0.003333	0.003333	0.003333	0.003333	0.003333	0.003333	0.003333	0.003333	0.003333	0.003333	0.003333	0.003333	0.003333	0.003333	0.003333	0.003333	0.003333	0.003333	0.003333	0.003333	0.003333	0.236667	0.003333	0.136667	
0.001449	0.001449	0.001449	0.001449	0.001449	0.131884	0.001449	0.001449	0.015942	0.001449	0.001449	0.030435	0.001449	0.001449	0.001449	0.001449	0.001449	0.001449	0.001449	0.001449	0.450725	0.001449	0.001449	0.001449	0.001449	0.001449	0.001449	0.001449	0.044928	0.001449	0.001449	0.001449	0.001449	0.001449	0.001449	0.001449	0.001449	0.001449	0.001449	0.015942	0.001449	0.001449	0.001449	0.001449	0.001449	0.001449	0.247826	0.001449	0.001449	0.001449	
0.001471	0.001471	0.001471	0.001471	0.001471	0.001471	0.001471	0.001471	0.001471	0.001471	0.001471	0.001471	0.001471	0.001471	0.001471	0.016176	0.001471	0.001471	0.001471	0.001471	0.001471	0.001471	0.001471	0.001471	0.001471	0.001471	0.001471	0.001471	0.001471	0.001471	0.001471	0.001471	0.001471	0.001471	0.001471	0.001471	0.001471	0.001471	0.001471	0.677941	0.001471	0.001471	0.001471	0.001471	0.001471	0.001471	0.001471	0.001471	0.030882	0.207353	
0.002941	0.002941	0.120588	0.002941	0.002941	0.002941	0.002941	0.002941	0.002941	0.002941	0.002941	0.002941	0.002941	0.002941	0.002941	0.385294	0.002941	0.002941	0.002941	0.002941	0.002941	0.002941	0.032353	0.032353	0.002941	0.002941	0.002941	0.002941	0.002941	0.002941	0.002941	0.002941	0.002941	0.002941	0.002941	0.002941	0.032353	0.002941	0.002941	0.150000	0.002941	0.002941	0.002941	0.002941	0.002941	0.002941	0.002941	0.002941	0.032353	0.091176	
0.002500	0.027500	0.002500	0.002500	0.002500	0.002500	0.002500	0.002500	0.002500	0.002500	0.002500	0.227500	0.002500	0.002500	0.002500	0.002500	0.002500	0.002500	0.002500	0.252500	0.002500	0.002500	0.002500	0.002500	0.002500	0.002500	0.002500	0.002500	0.002500	0.002500	0.002500	0.002500	0.152500	0.002500	0.002500	0.002500	0.027500	0.002500	0.002500	0.002500	0.002500	0.002500	0.002500	0.002500	0.002500	0.027500	0.027500	0.002500	0.002500	0.152500	
0.001370	0.001370	0.001370	0.001370	0.001370	0.001370	0.001370	0.330137	0.001370	0.001370	0.001370	0.001370	0.001370	0.001370	0.001370	0.001370	0.015068	0.001370	0.001370	0.001370	0.001370	0.001370	0.001370	0.001370	0.001370	0.001370	0.001370	0.001370	0.001370	0.001370	0.001370	0.001370	0.001370	0.001370	0.015068	0.001370	0.083562	0.001370	0.001370	0.001370	0.001370	0.001370	0.001370	0.261644	0.001370	0.001370	0.001370	0.001370	0.234247	0.001370	
0.001370	0.001370	0.001370	0.001370	0.001370	0.015068	0.001370	0.001370	0.001370	0.001370	0.001370	0.001370	0.015068	0.001370	0.001370	0.001370	0.001370	0.001370	0.015068	0.001370	0.001370	0.001370	0.001370	0.001370	0.015068	0.001370	0.001370	0.001370	0.001370	0.001370	0.001370	0.001370	0.001370	0.001370	0.001370	0.001370	0.001370	0.001370	0.138356	0.001370	0.001370	0.001370	0.001370	0.001370	0.001370	0.001370	0.001370	0.001370	0.001370	0.741096	
0.003333	0.003333	0.170000	0.003333	0.003333	0.003333	0.003333	0.003333	0.003333	0.003333	0.003333	0.003333	0.003333	0.003333	0.003333	0.003333	0.103333	0.003333	0.003333	0.003333	0.003333	0.003333	0.436667	0.003333	0.003333	0.003333	0.003333	0.003333	0.003333	0.003333	0.003333	0.003333	0.003333	0.003333	0.003333	0.003333	0.003333	0.003333	0.070000	0.003333	0.036667	0.003333	0.036667	0.003333	0.003333	0.003333	0.003333	0.003333	0.003333	0.003333	
0.003448	0.003448	0.003448	0.003448	0.003448	0.003448	0.003448	0.037931	0.141379	0.003448	0.003448	0.106897	0.037931	0.003448	0.037931	0.003448	0.037931	0.003448	0.313793	0.003448	0.003448	0.003448	0.003448	0.003448	0.003448	0.003448	0.003448	0.003448	0.003448	0.003448	0.003448	0.003448	0.003448	0.003448	0.003448	0.037931	0.003448	0.003448	0.003448	0.106897	0.003448	0.003448	0.003448	0.003448	0.003448	0.003448	0.003448	0.003448	0.003448	0.003448	
0.003030	0.003030	0.003030	0.003030	0.033333	0.003030	0.003030	0.003030	0.003030	0.003030	0.003030	0.003030	0.003030	0.003030	0.003030	0.275758	0.033333	0.003030	0.003030	0.003030	0.033333	0.003030	0.003030	0.003030	0.033333	0.003030	0.003030	0.003030	0.003030	0.003030	0.003030	0.003030	0.003030	0.003030	0.003030	0.003030	0.003030	0.003030	0.033333	0.003030	0.003030	0.003030	0.003030	0.003030	0.003030	0.003030	0.093939	0.003030	0.003030	0.336364	
0.001493	0.001493	0.001493	0.001493	0.001493	0.001493	0.001493	0.001493	0.001493	0.001493	0.001493	0.001493	0.001493	0.001493	0.001493	0.001493	0.001493	0.001493	0.001493	0.001493	0.001493	0.001493	0.001493	0.001493	0.001493	0.001493	0.001493	0.001493	0.001493	0.001493	0.001493	0.001493	0.001493	0.001493	0.001493	0.001493	0.001493	0.001493	0.001493	0.031343	0.001493	0.001493	0.001493	0.001493	0.001493	0.001493	0.001493	0.001493	0.001493	0.897015	
0.001613	0.001613	0.001613	0.001613	0.001613	0.001613	0.001613	0.001613	0.759677	0.001613	0.001613	0.001613	0.001613	0.001613	0.017742	0.001613	0.050000	0.001613	0.001613	0.001613	0.001613	0.001613	0.001613	0.001613	0.001613	0.001613	0.001613	0.001613	0.001613	0.001613	0.001613	0.001613	0.001613	0.001613	0.001613	0.001613	0.001613	0.001613	0.082258	0.001613	0.001613	0.017742	0.001613	0.001613	0.001613	0.001613	0.001613	0.001613	0.001613	0.001613	
0.106897	0.037931	0.003448	0.003448	0.003448	0.003448	0.003448	0.003448	0.003448	0.003448	0.003448	0.003448	0.003448	0.003448	0.003448	0.003448	0.003448	0.141379	0.003448	0.003448	0.003448	0.003448	0.003448	0.003448	0.003448	0.003448	0.003448	0.003448	0.003448	0.003448	0.003448	0.003448	0.003448	0.003448	0.003448	0.003448	0.003448	0.003448	0.003448	0.003448	0.003448	0.003448	0.003448	0.003448	0.003448	0.003448	0.037931	0.003448	0.003448	0.520690	
0.003030	0.033333	0.003030	0.003030	0.003030	0.003030	0.003030	0.003030	0.003030	0.003030	0.003030	0.003030	0.124242	0.003030	0.003030	0.003030	0.124242	0.003030	0.003030	0.003030	0.003030	0.003030	0.003030	0.003030	0.003030	0.003030	0.003030	0.003030	0.003030	0.003030	0.003030	0.003030	0.124242	0.003030	0.003030	0.003030	0.003030	0.003030	0.003030	0.003030	0.003030	0.003030	0.003030	0.003030	0.396970	0.063636	0.003030	0.003030	0.003030	0.003030	
0.000855	0.000855	0.017949	0.000855	0.513675	0.000855	0.000855	0.000855	0.000855	0.000855	0.000855	0.009402	0.154701	0.000855	0.009402	0.000855	0.000855	0.000855	0.000855	0.000855	0.000855	0.000855	0.000855	0.000855	0.000855	0.000855	0.086325	0.000855	0.060684	0.000855	0.000855	0.000855	0.026496	0.000855	0.000855	0.000855	0.000855	0.000855	0.026496	0.000855	0.000855	0.009402	0.000855	0.000855	0.017949	0.000855	0.000855	0.000855	0.035043	0.000855	
0.000909	0.000909	0.000909	0.000909	0.000909	0.000909	0.000909	0.000909	0.000909	0.146364	0.000909	0.000909	0.000909	0.000909	0.000909	0.000909	0.000909	0.000909	0.000909	0.000909	0.000909	0.000909	0.000909	0.000909	0.000909	0.000909	0.000909	0.000909	0.000909	0.010000	0.000909	0.000909	0.000909	0.000909	0.000909	0.010000	0.000909	0.000909	0.000909	0.010000	0.000909	0.000909	0.000909	0.000909	0.000909	0.782727	0.000909	0.000909	0.000909	0.000909	
0.002000	0.002000	0.002000	0.022000	0.002000	0.002000	0.002000	0.002000	0.002000	0.002000	0.002000	0.002000	0.002000	0.002000	0.002000	0.002000	0.002000	0.002000	0.002000	0.042000	0.002000	0.002000	0.002000	0.002000	0.062000	0.002000	0.002000	0.002000	0.002000	0.002000	0.002000	0.002000	0.002000	0.002000	0.002000	0.022000	0.002000	0.002000	0.002000	0.042000	0.042000	0.342000	0.002000	0.002000	0.022000	0.002000	0.002000	0.002000	0.002000	0.322000	
0.003704	0.003704	0.003704	0.003704	0.003704	0.003704	0.003704	0.188889	0.003704	0.003704	0.003704	0.003704	0.003704	0.003704	0.003704	0.003704	0.003704	0.003704	0.003704	0.003704	0.003704	0.003704	0.040741	0.003704	0.003704	0.003704	0.003704	0.003704	0.003704	0.003704	0.003704	0.003704	0.003704	0.003704	0.003704	0.003704	0.077778	0.077778	0.003704	0.003704	0.040741	0.003704	0.040741	0.003704	0.151852	0.003704	0.003704	0.003704	0.003704	0.225926	
0.001818	0.001818	0.001818	0.001818	0.001818	0.001818	0.001818	0.001818	0.074545	0.001818	0.001818	0.001818	0.001818	0.001818	0.001818	0.001818	0.074545	0.001818	0.001818	0.001818	0.001818	0.001818	0.001818	0.001818	0.001818	0.001818	0.001818	0.001818	0.001818	0.001818	0.001818	0.001818	0.001818	0.001818	0.001818	0.001818	0.001818	0.001818	0.001818	0.001818	0.001818	0.001818	0.001818	0.001818	0.001818	0.001818	0.001818	0.001818	0.020000	0.747273	
0.003448	0.003448	0.003448	0.003448	0.003448	0.003448	0.003448	0.003448	0.003448	0.003448	0.003448	0.003448	0.003448	0.003448	0.003448	0.003448	0.003448	0.003448	0.141379	0.037931	0.003448	0.003448	0.037931	0.003448	0.003448	0.003448	0.003448	0.003448	0.003448	0.003448	0.003448	0.003448	0.003448	0.003448	0.003448	0.003448	0.003448	0.003448	0.003448	0.037931	0.003448	0.003448	0.003448	0.003448	0.003448	0.003448	0.003448	0.003448	0.106897	0.486207	
0.002703	0.002703	0.002703	0.056757	0.002703	0.002703	0.002703	0.002703	0.002703	0.002703	0.002703	0.002703	0.029730	0.029730	0.002703	0.056757	0.002703	0.002703	0.002703	0.002703	0.002703	0.002703	0.029730	0.002703	0.002703	0.002703	0.110811	0.029730	0.002703	0.002703	0.002703	0.002703	0.002703	0.002703	0.002703	0.002703	0.002703	0.002703	0.002703	0.245946	0.002703	0.002703	0.002703	0.002703	0.002703	0.002703	0.002703	0.002703	0.029730	0.272973	
0.001695	0.001695	0.035593	0.001695	0.001695	0.001695	0.018644	0.374576	0.001695	0.001695	0.001695	0.001695	0.001695	0.001695	0.001695	0.001695	0.255932	0.001695	0.001695	0.001695	0.001695	0.001695	0.001695	0.001695	0.001695	0.001695	0.001695	0.001695	0.001695	0.001695	0.001695	0.001695	0.001695	0.001695	0.001695	0.001695	0.018644	0.001695	0.188136	0.018644	0.001695	0.001695	0.001695	0.018644	0.001695	0.001695	0.001695	0.001695	0.001695	0.001695	
0.002857	0.002857	0.002857	0.002857	0.002857	0.002857	0.002857	0.031429	0.002857	0.002857	0.002857	0.002857	0.088571	0.002857	0.088571	0.002857	0.002857	0.002857	0.060000	0.002857	0.002857	0.002857	0.002857	0.002857	0.002857	0.002857	0.002857	0.002857	0.002857	0.002857	0.002857	0.002857	0.031429	0.002857	0.031429	0.002857	0.002857	0.031429	0.002857	0.002857	0.002857	0.002857	0.002857	0.002857	0.031429	0.002857	0.002857	0.002857	0.002857	0.488571	
0.002941	0.385294	0.002941	0.002941	0.002941	0.032353	0.002941	0.208824	0.091176	0.002941	0.032353	0.002941	0.002941	0.002941	0.002941	0.002941	0.002941	0.002941	0.002941	0.002941	0.002941	0.002941	0.002941	0.002941	0.032353	0.002941	0.002941	0.002941	0.091176	0.002941	0.002941	0.002941	0.002941	0.002941	0.002941	0.002941	0.002941	0.002941	0.002941	0.002941	0.002941	0.002941	0.002941	0.002941	0.002941	0.002941	0.002941	0.002941	0.002941	0.002941	
0.026829	0.002439	0.002439	0.002439	0.002439	0.002439	0.002439	0.002439	0.685366	0.002439	0.124390	0.002439	0.002439	0.002439	0.002439	0.002439	0.002439	0.002439	0.002439	0.002439	0.002439	0.002439	0.002439	0.002439	0.002439	0.002439	0.002439	0.002439	0.002439	0.002439	0.002439	0.002439	0.026829	0.002439	0.002439	0.026829	0.002439	0.002439	0.002439	0.002439	0.002439	0.002439	0.002439	0.002439	0.002439	0.002439	0.002439	0.002439	0.002439	0.002439	
0.004545	0.004545	0.004545	0.004545	0.004545	0.050000	0.004545	0.004545	0.050000	0.004545	0.004545	0.004545	0.004545	0.004545	0.413636	0.004545	0.004545	0.004545	0.004545	0.004545	0.004545	0.004545	0.004545	0.004545	0.004545	0.004545	0.004545	0.004545	0.004545	0.004545	0.004545	0.004545	0.004545	0.004545	0.004545	0.004545	0.004545	0.004545	0.004545	0.277273	0.004545	0.004545	0.004545	0.004545	0.004545	0.004545	0.004545	0.004545	0.004545	0.004545	
0.002857	0.345714	0.002857	0.002857	0.002857	0.002857	0.002857	0.002857	0.002857	0.031429	0.002857	0.145714	0.002857	0.002857	0.002857	0.002857	0.002857	0.002857	0.031429	0.002857	0.002857	0.002857	0.002857	0.002857	0.002857	0.002857	0.002857	0.002857	0.088571	0.002857	0.002857	0.002857	0.002857	0.002857	0.002857	0.002857	0.117143	0.031429	0.031429	0.002857	0.031429	0.002857	0.002857	0.002857	0.002857	0.002857	0.031429	0.002857	0.002857	0.002857	
0.069492	0.001695	0.001695	0.001695	0.001695	0.001695	0.001695	0.001695	0.001695	0.001695	0.001695	0.001695	0.001695	0.001695	0.001695	0.001695	0.052542	0.001695	0.086441	0.001695	0.001695	0.001695	0.001695	0.001695	0.001695	0.018644	0.001695	0.001695	0.001695	0.001695	0.001695	0.001695	0.001695	0.001695	0.001695	0.001695	0.645763	0.001695	0.035593	0.001695	0.001695	0.001695	0.001695	0.001695	0.001695	0.001695	0.001695	0.001695	0.001695	0.018644	
0.033333	0.003030	0.003030	0.063636	0.003030	0.003030	0.003030	0.003030	0.003030	0.003030	0.003030	0.003030	0.003030	0.033333	0.003030	0.003030	0.093939	0.003030	0.003030	0.003030	0.003030	0.003030	0.003030	0.003030	0.003030	0.003030	0.003030	0.063636	0.003030	0.003030	0.003030	0.003030	0.003030	0.003030	0.003030	0.063636	0.003030	0.003030	0.003030	0.033333	0.003030	0.003030	0.003030	0.003030	0.003030	0.063636	0.003030	0.003030	0.003030	0.427273	
0.023913	0.002174	0.002174	0.002174	0.002174	0.002174	0.002174	0.002174	0.002174	0.002174	0.002174	0.002174	0.002174	0.002174	0.002174	0.002174	0.002174	0.002174	0.219565	0.002174	0.045652	0.002174	0.002174	0.002174	0.002174	0.002174	0.002174	0.002174	0.002174	0.002174	0.002174	0.002174	0.002174	0.002174	0.002174	0.023913	0.523913	0.002174	0.002174	0.002174	0.002174	0.002174	0.002174	0.045652	0.002174	0.002174	0.002174	0.002174	0.023913	0.002174	
0.003030	0.154545	0.003030	0.003030	0.003030	0.003030	0.003030	0.003030	0.003030	0.003030	0.003030	0.033333	0.003030	0.003030	0.366667	0.003030	0.003030	0.003030	0.124242	0.003030	0.003030	0.003030	0.003030	0.003030	0.003030	0.003030	0.003030	0.003030	0.003030	0.003030	0.003030	0.003030	0.003030	0.003030	0.003030	0.003030	0.003030	0.003030	0.003030	0.124242	0.003030	0.003030	0.033333	0.003030	0.033333	0.003030	0.003030	0.003030	0.003030	0.003030	
0.002041	0.002041	0.002041	0.022449	0.002041	0.002041	0.002041	0.002041	0.002041	0.002041	0.063265	0.002041	0.002041	0.002041	0.002041	0.022449	0.002041	0.002041	0.002041	0.002041	0.002041	0.002041	0.002041	0.022449	0.002041	0.002041	0.002041	0.002041	0.002041	0.002041	0.002041	0.002041	0.002041	0.002041	0.022449	0.002041	0.002041	0.002041	0.002041	0.002041	0.002041	0.002041	0.002041	0.002041	0.002041	0.022449	0.042857	0.002041	0.002041	0.695918	
0.002222	0.002222	0.002222	0.002222	0.002222	0.002222	0.002222	0.002222	0.002222	0.024444	0.002222	0.002222	0.002222	0.002222	0.002222	0.002222	0.113333	0.002222	0.046667	0.002222	0.002222	0.002222	0.002222	0.002222	0.024444	0.024444	0.002222	0.002222	0.002222	0.002222	0.024444	0.002222	0.002222	0.002222	0.002222	0.024444	0.002222	0.002222	0.002222	0.002222	0.002222	0.002222	0.002222	0.002222	0.068889	0.002222	0.002222	0.002222	0.024444	0.535556	
0.021569	0.198039	0.001961	0.001961	0.001961	0.001961	0.001961	0.001961	0.001961	0.001961	0.001961	0.001961	0.001961	0.001961	0.001961	0.001961	0.296078	0.001961	0.198039	0.001961	0.001961	0.001961	0.001961	0.001961	0.021569	0.001961	0.001961	0.001961	0.001961	0.001961	0.001961	0.001961	0.001961	0.001961	0.001961	0.001961	0.001961	0.001961	0.001961	0.001961	0.001961	0.001961	0.001961	0.001961	0.001961	0.178431	0.001961	0.001961	0.001961	0.001961	
0.002174	0.002174	0.002174	0.002174	0.002174	0.002174	0.002174	0.067391	0.002174	0.002174	0.002174	0.002174	0.002174	0.002174	0.002174	0.002174	0.284783	0.002174	0.002174	0.002174	0.002174	0.002174	0.002174	0.002174	0.002174	0.002174	0.002174	0.002174	0.002174	0.002174	0.002174	0.002174	0.002174	0.002174	0.002174	0.002174	0.002174	0.002174	0.002174	0.002174	0.002174	0.002174	0.002174	0.002174	0.002174	0.002174	0.002174	0.002174	0.002174	0.545652	
0.000855	0.000855	0.000855	0.000855	0.000855	0.000855	0.000855	0.000855	0.000855	0.000855	0.000855	0.000855	0.009402	0.000855	0.000855	0.000855	0.000855	0.000855	0.026496	0.000855	0.000855	0.000855	0.000855	0.000855	0.000855	0.223077	0.000855	0.000855	0.000855	0.000855	0.000855	0.000855	0.000855	0.000855	0.000855	0.000855	0.000855	0.000855	0.120513	0.000855	0.000855	0.000855	0.000855	0.000855	0.000855	0.000855	0.000855	0.000855	0.000855	0.582051	
0.001613	0.001613	0.001613	0.001613	0.001613	0.001613	0.001613	0.001613	0.001613	0.001613	0.001613	0.001613	0.001613	0.001613	0.001613	0.001613	0.001613	0.001613	0.001613	0.001613	0.001613	0.001613	0.001613	0.001613	0.001613	0.001613	0.001613	0.001613	0.033871	0.001613	0.824194	0.001613	0.001613	0.001613	0.001613	0.001613	0.001613	0.001613	0.001613	0.033871	0.001613	0.001613	0.001613	0.001613	0.001613	0.001613	0.001613	0.001613	0.001613	0.033871	
0.000227	0.000227	0.066136	0.000227	0.000227	0.000227	0.000227	0.000227	0.000227	0.000227	0.000227	0.088864	0.000227	0.000227	0.045682	0.000227	0.000227	0.000227	0.000227	0.000227	0.000227	0.000227	0.095682	0.000227	0.000227	0.000227	0.000227	0.000227	0.000227	0.000227	0.000227	0.000227	0.000227	0.000227	0.002500	0.000227	0.025227	0.000227	0.002500	0.075227	0.000227	0.000227	0.000227	0.000227	0.000227	0.002500	0.000227	0.000227	0.000227	0.586591	
0.002000	0.002000	0.002000	0.002000	0.002000	0.002000	0.002000	0.002000	0.002000	0.002000	0.002000	0.002000	0.002000	0.002000	0.002000	0.122000	0.002000	0.002000	0.002000	0.002000	0.002000	0.042000	0.002000	0.002000	0.002000	0.002000	0.002000	0.002000	0.002000	0.002000	0.002000	0.002000	0.002000	0.002000	0.002000	0.002000	0.122000	0.022000	0.002000	0.002000	0.002000	0.002000	0.002000	0.482000	0.002000	0.002000	0.002000	0.002000	0.042000	0.082000	
0.001563	0.001563	0.220312	0.001563	0.001563	0.001563	0.001563	0.001563	0.001563	0.001563	0.001563	0.001563	0.001563	0.001563	0.001563	0.032813	0.017188	0.001563	0.001563	0.001563	0.001563	0.001563	0.110937	0.001563	0.017188	0.001563	0.048438	0.001563	0.001563	0.001563	0.001563	0.001563	0.001563	0.001563	0.001563	0.001563	0.439063	0.001563	0.001563	0.032813	0.001563	0.001563	0.001563	0.001563	0.001563	0.001563	0.001563	0.001563	0.017188	0.001563	
0.000909	0.091818	0.000909	0.000909	0.000909	0.000909	0.000909	0.000909	0.000909	0.000909	0.000909	0.000909	0.000909	0.000909	0.000909	0.000909	0.000909	0.000909	0.000909	0.000909	0.000909	0.000909	0.000909	0.000909	0.000909	0.000909	0.000909	0.000909	0.082727	0.000909	0.000909	0.000909	0.255455	0.000909	0.000909	0.010000	0.000909	0.364545	0.000909	0.000909	0.000909	0.028182	0.110000	0.000909	0.019091	0.000909	0.000909	0.000909	0.000909	0.000909	
0.021154	0.117308	0.194231	0.001923	0.001923	0.001923	0.001923	0.001923	0.001923	0.001923	0.001923	0.001923	0.001923	0.001923	0.001923	0.021154	0.001923	0.021154	0.001923	0.155769	0.001923	0.001923	0.213462	0.001923	0.117308	0.001923	0.001923	0.001923	0.001923	0.001923	0.001923	0.001923	0.001923	0.001923	0.001923	0.001923	0.001923	0.001923	0.001923	0.059615	0.001923	0.001923	0.001923	0.001923	0.001923	0.001923	0.001923	0.001923	0.001923	0.001923	
0.001220	0.001220	0.403659	0.001220	0.001220	0.001220	0.001220	0.257317	0.001220	0.001220	0.001220	0.013415	0.001220	0.001220	0.001220	0.001220	0.001220	0.001220	0.135366	0.001220	0.001220	0.001220	0.001220	0.001220	0.001220	0.025610	0.001220	0.001220	0.001220	0.001220	0.001220	0.001220	0.001220	0.025610	0.001220	0.001220	0.001220	0.001220	0.062195	0.001220	0.001220	0.001220	0.001220	0.013415	0.001220	0.001220	0.013415	0.001220	0.001220	0.001220	
0.000990	0.000990	0.010891	0.535644	0.000990	0.000990	0.000990	0.109901	0.000990	0.000990	0.000990	0.000990	0.000990	0.000990	0.030693	0.000990	0.248515	0.000990	0.000990	0.010891	0.000990	0.000990	0.000990	0.000990	0.000990	0.000990	0.000990	0.000990	0.000990	0.000990	0.000990	0.000990	0.010891	0.000990	0.000990	0.000990	0.000990	0.000990	0.000990	0.000990	0.000990	0.000990	0.000990	0.000990	0.000990	0.000990	0.000990	0.000990	0.000990	0.000990	
0.001563	0.001563	0.001563	0.001563	0.001563	0.001563	0.001563	0.001563	0.001563	0.017188	0.001563	0.032813	0.001563	0.001563	0.001563	0.001563	0.001563	0.001563	0.829688	0.001563	0.001563	0.001563	0.001563	0.001563	0.001563	0.001563	0.001563	0.001563	0.001563	0.001563	0.001563	0.032813	0.001563	0.001563	0.001563	0.001563	0.001563	0.001563	0.001563	0.001563	0.001563	0.001563	0.001563	0.001563	0.001563	0.001563	0.001563	0.001563	0.001563	0.017188	
0.000690	0.000690	0.000690	0.000690	0.000690	0.000690	0.207586	0.000690	0.000690	0.000690	0.000690	0.000690	0.000690	0.000690	0.028276	0.648966	0.000690	0.000690	0.000690	0.000690	0.000690	0.000690	0.000690	0.000690	0.000690	0.000690	0.000690	0.000690	0.021379	0.000690	0.000690	0.000690	0.021379	0.000690	0.000690	0.000690	0.000690	0.000690	0.000690	0.000690	0.000690	0.000690	0.000690	0.000690	0.042069	0.000690	0.000690	0.000690	0.000690	0.000690	
0.002564	0.002564	0.002564	0.002564	0.002564	0.002564	0.002564	0.002564	0.515385	0.002564	0.002564	0.002564	0.002564	0.002564	0.002564	0.002564	0.002564	0.002564	0.002564	0.002564	0.002564	0.002564	0.002564	0.002564	0.002564	0.156410	0.002564	0.002564	0.002564	0.002564	0.002564	0.002564	0.002564	0.002564	0.028205	0.002564	0.002564	0.002564	0.002564	0.002564	0.002564	0.002564	0.002564	0.002564	0.028205	0.002564	0.002564	0.002564	0.002564	0.156410	
0.000794	0.000794	0.000794	0.000794	0.000794	0.000794	0.000794	0.000794	0.000794	0.000794	0.000794	0.000794	0.000794	0.000794	0.000794	0.000794	0.000794	0.000794	0.000794	0.000794	0.000794	0.000794	0.008730	0.000794	0.945238	0.000794	0.000794	0.000794	0.000794	0.000794	0.000794	0.000794	0.000794	0.000794	0.000794	0.000794	0.000794	0.000794	0.000794	0.000794	0.000794	0.000794	0.000794	0.000794	0.000794	0.000794	0.000794	0.000794	0.000794	0.008730	
0.002381	0.002381	0.026190	0.050000	0.002381	0.050000	0.002381	0.002381	0.192857	0.073810	0.002381	0.002381	0.002381	0.002381	0.002381	0.002381	0.002381	0.002381	0.002381	0.002381	0.002381	0.002381	0.002381	0.002381	0.002381	0.192857	0.002381	0.002381	0.002381	0.002381	0.050000	0.002381	0.002381	0.002381	0.002381	0.145238	0.002381	0.002381	0.073810	0.050000	0.002381	0.002381	0.002381	0.002381	0.002381	0.002381	0.002381	0.002381	0.002381	0.002381	
0.001786	0.001786	0.001786	0.001786	0.001786	0.001786	0.001786	0.001786	0.001786	0.001786	0.001786	0.001786	0.001786	0.001786	0.001786	0.001786	0.001786	0.001786	0.001786	0.001786	0.001786	0.001786	0.001786	0.001786	0.001786	0.001786	0.001786	0.001786	0.001786	0.001786	0.001786	0.001786	0.001786	0.001786	0.001786	0.001786	0.001786	0.001786	0.055357	0.001786	0.001786	0.001786	0.001786	0.001786	0.001786	0.001786	0.001786	0.001786	0.001786	0.858929	
0.000606	0.000606	0.000606	0.000606	0.000606	0.000606	0.000606	0.000606	0.006667	0.000606	0.000606	0.000606	0.000606	0.000606	0.000606	0.000606	0.000606	0.000606	0.000606	0.000606	0.000606	0.000606	0.000606	0.000606	0.000606	0.000606	0.000606	0.000606	0.000606	0.000606	0.000606	0.000606	0.000606	0.000606	0.000606	0.000606	0.000606	0.000606	0.000606	0.000606	0.000606	0.000606	0.000606	0.000606	0.000606	0.000606	0.000606	0.000606	0.000606	0.964242	
0.000595	0.000595	0.000595	0.000595	0.000595	0.000595	0.000595	0.000595	0.000595	0.000595	0.137500	0.000595	0.000595	0.000595	0.000595	0.000595	0.000595	0.000595	0.000595	0.000595	0.000595	0.000595	0.000595	0.000595	0.000595	0.000595	0.000595	0.000595	0.000595	0.000595	0.000595	0.000595	0.000595	0.000595	0.000595	0.822024	0.000595	0.000595	0.000595	0.000595	0.000595	0.000595	0.000595	0.000595	0.000595	0.000595	0.000595	0.000595	0.006548	0.006548	
0.000694	0.000694	0.000694	0.000694	0.000694	0.000694	0.000694	0.000694	0.000694	0.000694	0.000694	0.035417	0.000694	0.000694	0.000694	0.090972	0.000694	0.000694	0.000694	0.834028	0.000694	0.000694	0.000694	0.000694	0.000694	0.007639	0.000694	0.000694	0.000694	0.000694	0.000694	0.000694	0.000694	0.000694	0.000694	0.000694	0.000694	0.000694	0.000694	0.000694	0.000694	0.000694	0.000694	0.000694	0.000694	0.000694	0.000694	0.000694	0.000694	0.000694	
0.001852	0.001852	0.001852	0.001852	0.001852	0.001852	0.001852	0.001852	0.779630	0.001852	0.001852	0.001852	0.001852	0.001852	0.001852	0.001852	0.001852	0.001852	0.001852	0.001852	0.001852	0.001852	0.001852	0.001852	0.001852	0.001852	0.001852	0.001852	0.001852	0.001852	0.001852	0.001852	0.001852	0.001852	0.001852	0.057407	0.038889	0.001852	0.001852	0.001852	0.001852	0.038889	0.001852	0.001852	0.001852	0.001852	0.001852	0.001852	0.001852	0.001852	
0.000214	0.000214	0.002350	0.000214	0.000214	0.000214	0.000214	0.000214	0.000214	0.004487	0.000214	0.000214	0.000214	0.000214	0.000214	0.000214	0.000214	0.000214	0.000214	0.000214	0.000214	0.000214	0.000214	0.000214	0.000214	0.000214	0.000214	0.000214	0.000214	0.000214	0.000214	0.000214	0.000214	0.000214	0.000214	0.000214	0.000214	0.000214	0.000214	0.000214	0.000214	0.000214	0.000214	0.000214	0.000214	0.000214	0.000214	0.000214	0.013034	0.970299	
0.002703	0.002703	0.191892	0.002703	0.002703	0.002703	0.002703	0.002703	0.002703	0.002703	0.002703	0.002703	0.002703	0.002703	0.002703	0.002703	0.327027	0.002703	0.002703	0.137838	0.002703	0.002703	0.002703	0.002703	0.002703	0.002703	0.002703	0.056757	0.002703	0.002703	0.083784	0.002703	0.002703	0.002703	0.002703	0.002703	0.002703	0.002703	0.002703	0.002703	0.056757	0.029730	0.002703	0.002703	0.002703	0.002703	0.002703	0.002703	0.002703	0.002703	
0.000108	0.000108	0.000108	0.000108	0.000108	0.000108	0.000108	0.000108	0.000108	0.000108	0.000108	0.000108	0.000108	0.000108	0.001190	0.000108	0.034740	0.000108	0.000108	0.000108	0.000108	0.000108	0.000108	0.000108	0.001190	0.000108	0.000108	0.000108	0.000108	0.000108	0.000108	0.000108	0.000108	0.000108	0.000108	0.000108	0.000108	0.000108	0.004437	0.000108	0.000108	0.000108	0.000108	0.000108	0.000108	0.000108	0.000108	0.000108	0.000108	0.953571	
0.002941	0.002941	0.002941	0.002941	0.002941	0.002941	0.002941	0.002941	0.002941	0.002941	0.002941	0.002941	0.002941	0.002941	0.444118	0.002941	0.002941	0.002941	0.002941	0.032353	0.002941	0.002941	0.002941	0.002941	0.002941	0.002941	0.002941	0.002941	0.002941	0.002941	0.002941	0.002941	0.002941	0.002941	0.002941	0.002941	0.002941	0.002941	0.032353	0.091176	0.061765	0.002941	0.002941	0.002941	0.091176	0.002941	0.002941	0.002941	0.002941	0.120588	
0.016016	0.000391	0.000391	0.000391	0.000391	0.000391	0.000391	0.000391	0.000391	0.000391	0.000391	0.000391	0.000391	0.000391	0.000391	0.000391	0.000391	0.000391	0.000391	0.000391	0.078516	0.191797	0.000391	0.023828	0.000391	0.000391	0.000391	0.000391	0.133203	0.258203	0.000391	0.000391	0.000391	0.000391	0.000391	0.000391	0.000391	0.000391	0.000391	0.000391	0.000391	0.230859	0.000391	0.012109	0.000391	0.000391	0.039453	0.000391	0.000391	0.000391	
0.025962	0.000321	0.058013	0.000321	0.000321	0.000321	0.048397	0.000321	0.000321	0.000321	0.000321	0.000321	0.192628	0.000321	0.000321	0.000321	0.000321	0.134936	0.000321	0.000321	0.000321	0.003526	0.000321	0.000321	0.003526	0.000321	0.000321	0.192628	0.086859	0.000321	0.009936	0.000321	0.000321	0.000321	0.122115	0.000321	0.000321	0.000321	0.000321	0.000321	0.000321	0.000321	0.009936	0.000321	0.000321	0.000321	0.000321	0.000321	0.096474	0.003526	
0.001429	0.001429	0.001429	0.001429	0.001429	0.001429	0.001429	0.001429	0.001429	0.001429	0.001429	0.001429	0.001429	0.001429	0.001429	0.001429	0.001429	0.001429	0.001429	0.001429	0.001429	0.015714	0.001429	0.001429	0.001429	0.630000	0.001429	0.001429	0.001429	0.001429	0.001429	0.001429	0.001429	0.001429	0.001429	0.001429	0.001429	0.001429	0.001429	0.015714	0.001429	0.001429	0.001429	0.001429	0.244286	0.001429	0.001429	0.001429	0.030000	0.001429	
0.000870	0.000870	0.235652	0.000870	0.009565	0.000870	0.000870	0.000870	0.000870	0.000870	0.000870	0.000870	0.018261	0.000870	0.000870	0.044348	0.000870	0.009565	0.070435	0.000870	0.000870	0.000870	0.000870	0.000870	0.000870	0.000870	0.000870	0.035652	0.018261	0.000870	0.061739	0.000870	0.000870	0.000870	0.000870	0.000870	0.000870	0.000870	0.000870	0.009565	0.418261	0.000870	0.009565	0.000870	0.009565	0.000870	0.000870	0.000870	0.018261	0.000870	
0.005946	0.000541	0.000541	0.000541	0.000541	0.000541	0.000541	0.000541	0.022162	0.000541	0.000541	0.000541	0.000541	0.000541	0.000541	0.000541	0.011351	0.000541	0.000541	0.000541	0.000541	0.000541	0.011351	0.000541	0.000541	0.000541	0.000541	0.005946	0.000541	0.000541	0.000541	0.000541	0.000541	0.000541	0.000541	0.005946	0.000541	0.000541	0.000541	0.000541	0.000541	0.000541	0.000541	0.000541	0.005946	0.043784	0.000541	0.000541	0.000541	0.865405	
0.000806	0.000806	0.008871	0.000806	0.000806	0.000806	0.000806	0.000806	0.000806	0.000806	0.000806	0.008871	0.000806	0.000806	0.000806	0.000806	0.000806	0.000806	0.000806	0.000806	0.000806	0.000806	0.000806	0.000806	0.000806	0.355645	0.000806	0.000806	0.000806	0.000806	0.000806	0.000806	0.000806	0.000806	0.000806	0.000806	0.266935	0.000806	0.000806	0.000806	0.000806	0.000806	0.000806	0.000806	0.008871	0.008871	0.000806	0.000806	0.000806	0.307258	
0.000481	0.000481	0.000481	0.000481	0.000481	0.000481	0.000481	0.010096	0.010096	0.000481	0.000481	0.000481	0.000481	0.000481	0.000481	0.000481	0.000481	0.000481	0.000481	0.000481	0.000481	0.000481	0.000481	0.000481	0.000481	0.255288	0.000481	0.000481	0.000481	0.000481	0.000481	0.000481	0.000481	0.000481	0.000481	0.005288	0.000481	0.000481	0.202404	0.000481	0.000481	0.000481	0.000481	0.000481	0.000481	0.000481	0.000481	0.000481	0.000481	0.495673	
0.000450	0.000450	0.000450	0.000450	0.000450	0.000450	0.000450	0.000450	0.000450	0.000450	0.000450	0.000450	0.000450	0.000450	0.000450	0.000450	0.000450	0.000450	0.000450	0.000450	0.000450	0.000450	0.000450	0.000450	0.000450	0.117568	0.000450	0.000450	0.000450	0.000450	0.000450	0.000450	0.004955	0.000450	0.000450	0.000450	0.000450	0.000450	0.000450	0.000450	0.000450	0.000450	0.000450	0.000450	0.000450	0.000450	0.000450	0.000450	0.000450	0.856306	
