-577592.984095
-576823.696219
-575460.154926
-574882.020817
-577240.252874
-580971.696344
-581150.101732
-585719.014946
-585297.814795
-587538.839022
-590176.888086
-593347.405990
-597135.960342
-600830.512613
-603926.929583
-606468.247447
-608646.036495
-610296.235161
-610237.609556
-610586.893795
-610179.214816
-609910.018917
-609306.074686
-609114.828260
-609259.992399
-607049.053817
-603355.960310
-601287.577818
-600507.888757
-595193.997143
-592786.951734
-590081.384188
-590127.992375
-588846.611463
-588096.878909
-586824.591117
-585733.701932
-583980.673608
-583122.294121
-582354.542834
-581956.495387
-582470.177259
-581373.569064
-580449.715612
-580377.261906
-580464.555097
-579867.533495
-578987.612872
-578503.704963
-577717.822807
-577407.157297
-577342.429436
-577071.349517
-577109.239537
-577195.486358
-577012.053164
-577264.001157
-577220.930337
-577326.090600
-577567.104783
-577426.800516
-577178.167693
-577376.608054
-577658.953894
-577147.557102
-577037.664499
-577155.530083
-577105.975790
-577123.236532
-576803.186885
-576690.126355
-576684.028822
-576773.296745
-576804.251914
-577005.823167
-577181.039920
-577215.197033
-577072.942895
-577232.884159
-577563.174852
-577292.413950
-577393.022708
-577510.840430
-577407.605833
-577214.485748
-577267.179546
-577249.039650
-577803.665101
-577272.685419
-577473.746258
-577413.789742
-577496.049719
-577692.977179
-577745.544441
-578098.401849
-577551.732037
-577381.591452
-577392.790519
-577179.353150
-577353.452258
